100	123
200	208
300	304
400	422
500	533
600	638
700	746
800	843
900	923
1000	1005
1100	1096
1200	1178
1300	1278
1400	1380
1500	1484
1600	1567
1700	1633
1800	1674
1900	1761
2000	1861
2100	1938
2200	2027
2300	2094
2400	2193
2500	2298
2600	2380
2700	2460
2800	2569
2900	2657
3000	2763
3100	2844
3200	2936
3300	3003
3400	3074
3500	3163
3600	3237
3700	3305
3800	3404
3900	3501
4000	3590
4100	3718
4200	3800
4300	3863
4400	3959
4500	4036
4600	4093
4700	4162
4800	4221
4900	4292
5000	4320
5100	4365
5200	4420
5300	4502
5400	4585
5500	4626
5600	4660
5700	4686
5800	4741
5900	4821
6000	4885
6100	4976
6200	5081
6300	5167
6400	5240
6500	5304
6600	5389
6700	5483
6800	5528
6900	5610
7000	5699
7100	5782
7200	5906
7300	5969
7400	6048
7500	6130
7600	6207
7700	6279
7800	6362
7900	6429
8000	6488
8100	6546
8200	6611
8300	6664
8400	6756
8500	6849
8600	6912
8700	6998
8800	7056
8900	7139
9000	7224
9100	7300
9200	7379
9300	7446
9400	7523
9500	7593
9600	7673
9700	7751
9800	7821
9900	8053
10000	8099
